structure(list(ID = structure(c(3L, 42L, 23L, 72L, 80L, 82L, 
53L, 96L, 19L, 89L, 67L, 16L, 30L, 71L, 95L, 31L, 55L, 8L, 94L, 
84L, 34L, 86L, 57L, 81L, 70L, 24L, 12L, 33L, 35L, 18L, 61L, 77L, 
79L, 66L, 7L, 28L, 87L, 58L, 56L, 64L, 65L, 6L, 15L, 48L, 60L, 
63L, 75L, 46L, 5L, 74L, 69L, 36L, 32L, 29L, 11L, 73L, 44L, 83L, 
41L, 1L, 4L, 99L, 59L, 50L, 54L, 93L, 49L, 10L, 88L, 92L, 62L, 
52L, 45L, 25L, 38L, 9L, 68L, 40L, 51L, 85L, 91L, 39L, 43L, 78L, 
13L, 90L, 98L, 2L, 17L, 47L, 22L, 26L, 27L, 21L, 20L, 76L, 14L, 
97L, 37L), .Label = c("AA005409", "AA010252", "AA043494", "AA055193", 
"AA071473", "AA088861", "AA099747", "AA115059", "AA167188", "AA181333", 
"AA234889", "AA281667", "AA291486", "AA292382", "AA418077", "AA418251", 
"AA421687", "AA426010", "AA427400", "AA434161", "AA447774", "AA448400", 
"AA448676", "AA452566", "AA453783", "AA455271", "AA455301", "AA455521", 
"AA455545", "AA455614", "AA455800", "AA456931", "AA459100", "AA460599", 
"AA464518", "AA464529", "AA464962", "AA478596", "AA485141", "AA485369", 
"AA485749", "AA485983", "AA486403", "AA486531", "AA487582", "AA600214", 
"AA630094", "AA664284", "AA669674", "AA676515", "AA676805", "AA683102", 
"H00817", "H05768", "H08136", "H09996", "H15321", "H23187", "H27554", 
"H28984", "H43662", "H53479", "H64346", "H72538", "H87934", "H90219", 
"H93423", "N32949", "N33237", "N53492", "N62766", "N64741", "N72009", 
"N72715", "N92734", "N92864", "N92901", "N93082", "R18248", "R25045", 
"R33098", "R38102", "R38161", "R45054", "R48004", "R77770", "R93176", 
"T50699", "T55399", "T55975", "T59948", "T61269", "T68333", "T78475", 
"T82414", "W32403", "W56451", "W67139", "W74802"), class = "factor"), 
    Symbol = structure(c(1L, 43L, 77L, 1L, 67L, 1L, 39L, 45L, 
    68L, 37L, 63L, 54L, 64L, 51L, 61L, 29L, 1L, 3L, 1L, 16L, 
    13L, 49L, 73L, 70L, 80L, 60L, 53L, 72L, 1L, 56L, 1L, 25L, 
    33L, 33L, 11L, 20L, 7L, 8L, 44L, 19L, 9L, 10L, 28L, 78L, 
    58L, 1L, 46L, 34L, 42L, 32L, 57L, 69L, 14L, 1L, 2L, 1L, 52L, 
    1L, 79L, 35L, 84L, 1L, 21L, 5L, 4L, 27L, 23L, 76L, 1L, 26L, 
    74L, 62L, 24L, 41L, 82L, 81L, 1L, 71L, 47L, 48L, 18L, 66L, 
    50L, 22L, 59L, 59L, 38L, 6L, 75L, 65L, 55L, 31L, 30L, 17L, 
    40L, 15L, 36L, 83L, 12L), .Label = c("", "ANKRD46", "ARMC1", 
    "ATP6V1C1", "AZIN1", "C8orf31", "CA1", "CA2", "CALB1", "CDH17", 
    "CHMP4C", "COMMD5", "COPS5", "COX6C", "CPSF1", "CRH", "CYC1", 
    "DDEF1", "DECR1", "E2F5", "EDD1", "EIF2C2", "EIF3S6", "EXT1", 
    "FABP4", "FLJ20366", "FZD6", "GEM", "GGH", "GPAA1", "GRINA", 
    "HRSP12", "IMPA1", "LAPTM4B", "LOC157562", "LRRC24", "LYN", 
    "LYNX1", "LYPLA1", "MAF1", "MAL2", "MATN2", "MCM4", "MMP16", 
    "MRPL15", "MTDH", "MTSS1", "MYC", "NCOA2", "NDRG1", "NSMAF", 
    "PABPC1", "PKIA", "PLAG1", "PLEC1", "PMP2", "POP1", "PTDSS1", 
    "PTK2", "PXMP3", "RAB2A", "RAD21", "RPS20", "SDCBP", "SIAHBP1", 
    "SLA", "SNTG1", "SOX17", "STK3", "TERF1", "TMEM65", "TPD52", 
    "TRAM1", "TRPS1", "TSTA3", "TTC35", "UBE2V2", "UQCRB", "YWHAZ", 
    "ZFHX4", "ZHX1", "ZHX2", "ZNF34", "ZNF706"), class = "factor"), 
    CHROMOSOME = c(8L, 8L, 8L, 8L, 8L, 8L, 8L, 8L, 8L, 8L, 8L, 
    8L, 8L, 8L, 8L, 8L, 8L, 8L, 8L, 8L, 8L, 8L, 8L, 8L, 8L, 8L, 
    8L, 8L, 8L, 8L, 8L, 8L, 8L, 8L, 8L, 8L, 8L, 8L, 8L, 8L, 8L, 
    8L, 8L, 8L, 8L, 8L, 8L, 8L, 8L, 8L, 8L, 8L, 8L, 8L, 8L, 8L, 
    8L, 8L, 8L, 8L, 8L, 8L, 8L, 8L, 8L, 8L, 8L, 8L, 8L, 8L, 8L, 
    8L, 8L, 8L, 8L, 8L, 8L, 8L, 8L, 8L, 8L, 8L, 8L, 8L, 8L, 8L, 
    8L, 8L, 8L, 8L, 8L, 8L, 8L, 8L, 8L, 8L, 8L, 8L, 8L), STARTPOS = c(48812029, 
    49036047, 49083547, 49992740, 51730615, 53697567, 55121481, 
    55222599, 55533633, 56954915, 57148169, 57236772, 59628282, 
    59658624, 61592023, 64090090, 65452422, 66677512, 66683940, 
    67251165, 68117871, 71186821, 71648226, 74083648, 77928163, 
    78057520, 79590891, 81111302, 81616565, 82515116, 82552926, 
    82553453, 82700845, 82732730, 82807223, 86276870, 86427706, 
    86563433, 89118578, 91082756, 91140007, 95208565, 95330652, 
    97311936, 97342518, 97575031, 98807865, 98856985, 98969358, 
    99183715, 99239395, 99536031, 100959535, 101232015, 101602169, 
    101772676, 101784338, 101997929, 102032258, 102248210, 102278381, 
    102572572, 103325013, 103907706, 104102419, 104380248, 109283140, 
    109524969, 110645595, 110655553, 116665653, 117927355, 119189872, 
    120289758, 123863151, 124329872, 124579311, 125393412, 125632194, 
    128817530, 131134171, 134118151, 134318596, 141599438, 141737677, 
    141801574, 143849612, 144192079, 144765925, 144970537, 145061309, 
    145136277, 145209512, 145221980, 145225526, 145589241, 145714197, 
    145969307, 146046354)), .Names = c("ID", "Symbol", "CHROMOSOME", 
"STARTPOS"), class = "data.frame", row.names = c(NA, 99L))
