structure(c(3L, 42L, 23L, 72L, 80L, 82L, 53L, 96L, 19L, 89L, 
67L, 16L, 30L, 71L, 95L, 31L, 55L, 8L, 94L, 84L, 34L, 86L, 57L, 
81L, 70L, 24L, 12L, 33L, 35L, 18L, 61L, 77L, 79L, 66L, 7L, 28L, 
87L, 58L, 56L, 64L, 65L, 6L, 15L, 48L, 60L, 63L, 75L, 46L, 5L, 
74L, 69L, 36L, 32L, 29L, 11L, 73L, 44L, 83L, 41L, 1L, 4L, 99L, 
59L, 50L, 54L, 93L, 49L, 10L, 88L, 92L, 62L, 52L, 45L, 25L, 38L, 
9L, 68L, 40L, 51L, 85L, 91L, 39L, 43L, 78L, 13L, 90L, 98L, 2L, 
17L, 47L, 22L, 26L, 27L, 21L, 20L, 76L, 14L, 97L, 37L), .Label = c("AA005409", 
"AA010252", "AA043494", "AA055193", "AA071473", "AA088861", "AA099747", 
"AA115059", "AA167188", "AA181333", "AA234889", "AA281667", "AA291486", 
"AA292382", "AA418077", "AA418251", "AA421687", "AA426010", "AA427400", 
"AA434161", "AA447774", "AA448400", "AA448676", "AA452566", "AA453783", 
"AA455271", "AA455301", "AA455521", "AA455545", "AA455614", "AA455800", 
"AA456931", "AA459100", "AA460599", "AA464518", "AA464529", "AA464962", 
"AA478596", "AA485141", "AA485369", "AA485749", "AA485983", "AA486403", 
"AA486531", "AA487582", "AA600214", "AA630094", "AA664284", "AA669674", 
"AA676515", "AA676805", "AA683102", "H00817", "H05768", "H08136", 
"H09996", "H15321", "H23187", "H27554", "H28984", "H43662", "H53479", 
"H64346", "H72538", "H87934", "H90219", "H93423", "N32949", "N33237", 
"N53492", "N62766", "N64741", "N72009", "N72715", "N92734", "N92864", 
"N92901", "N93082", "R18248", "R25045", "R33098", "R38102", "R38161", 
"R45054", "R48004", "R77770", "R93176", "T50699", "T55399", "T55975", 
"T59948", "T61269", "T68333", "T78475", "T82414", "W32403", "W56451", 
"W67139", "W74802"), class = "factor")
